 Iter | Train MDP | Test MDP | Best (on Train) | Episodes so far 
  0 6.30 9.83 0.00 400    400 
  1 6.72 11.92 6.30 399    799 
  2 8.99 13.22 6.72 399   1198 
  3 9.78 18.85 8.99 398   1596 
  4 15.16 31.78 9.78 398   1994 
  5 19.21 24.75 15.16 397   2391 
  6 27.11 43.77 19.21 396   2787 
  7 43.89 63.01 27.11 394   3181 
  8 58.63 77.01 43.89 390   3571 
  9 79.06 107.70 58.63 387   3958 
 10 94.50 113.43 79.06 382   4340 
 11 109.25 170.32 94.50 378   4718 
 12 136.56 183.21 109.25 375   5093 
 13 163.33 200.20 136.56 369   5462 
 14 193.13 217.00 163.33 362   5824 
 15 213.15 206.66 193.13 355   6179 
 16 234.14 259.71 213.15 351   6530 
 17 260.93 281.74 234.14 346   6876 
 18 297.10 318.77 260.93 340   7216 
 19 334.43 309.46 297.10 331   7547 
 20 391.07 368.35 334.43 322   7869 
 21 441.28 415.08 391.07 309   8178 
 22 547.29 479.72 441.28 298   8476 
 23 733.64 464.83 547.29 273   8749 
 24 767.02 737.70 733.64 229   8978 
 25 925.46 574.08 767.02 222   9200 
 26 896.14 590.81 925.46 185   9385 
 27 945.76 535.05 925.46 191   9576 
 28 930.64 508.62 945.76 180   9756 
 29 956.50 884.57 945.76 183   9939 
 30 1051.57 583.68 956.50 177  10116 
 31 1118.88 719.24 1051.57 155  10271 
 32 1070.13 857.95 1118.88 139  10410 
 33 1282.14 680.14 1118.88 151  10561 
 34 1358.14 587.76 1282.14 101  10662 
 35 1388.34 775.16 1358.14  84  10746 
 36 1429.88 677.08 1388.34  77  10823 
 37 1507.32 628.87 1429.88  67  10890 
 38 1656.71 575.05 1507.32  50  10940 
 39 1651.59 700.26 1656.71  50  10990 
 40 1690.08 652.04 1656.71  50  11040 
 41 1875.30 660.33 1690.08  50  11090 
 42 1642.01 533.82 1875.30  50  11140 
 43 1615.61 637.49 1875.30  50  11190 
 44 1643.46 606.43 1875.30  50  11240 
 45 1873.02 540.14 1875.30  50  11290 
 46 1911.25 459.80 1875.30  50  11340 
 47 1952.39 652.50 1911.25  50  11390 
 48 1595.02 524.35 1952.39  50  11440 
 49 1603.86 593.14 1952.39  50  11490 
 50 1721.81 567.27 1952.39  50  11540 
 51 1986.06 629.34 1952.39  50  11590 
 52 2204.24 488.73 1986.06  50  11640 
 53 2033.46 533.87 2204.24  50  11690 
 54 1949.48 459.28 2204.24  50  11740 
 55 2005.70 818.23 2204.24  50  11790 
 56 2047.29 890.93 2204.24  50  11840 
 57 2343.31 747.56 2204.24  50  11890 
 58 2061.28 597.57 2343.31  50  11940 
 59 2194.12 863.26 2343.31  50  11990 
 60 1991.63 544.47 2343.31  50  12040 
 61 2476.15 490.67 2343.31  50  12090 
 62 2368.25 398.98 2476.15  50  12140 
 63 1911.93 449.76 2476.15  50  12190 
 64 1867.65 547.80 2476.15  50  12240 
 65 2053.03 415.73 2476.15  50  12290 
 66 2232.74 393.12 2476.15  50  12340 
 67 2143.56 524.73 2476.15  50  12390 
 68 2458.11 524.81 2476.15  50  12440 
 69 2207.85 371.66 2476.15  50  12490 
 70 1937.97 436.31 2476.15  50  12540 
 71 2425.71 404.45 2476.15  50  12590 
 72 2459.12 384.82 2476.15  50  12640 
 73 2571.93 402.91 2476.15  50  12690 
 74 2398.39 375.28 2571.93  50  12740 
 75 2003.16 440.44 2571.93  50  12790 
 76 2479.26 371.47 2571.93  50  12840 
 77 2200.58 400.55 2571.93  50  12890 
 78 2492.56 397.67 2571.93  50  12940 
 79 2594.03 395.53 2571.93  50  12990 
 80 2588.01 380.48 2594.03  50  13040 
 81 2675.77 533.86 2594.03  50  13090 
 82 2683.07 431.43 2675.77  50  13140 
 83 2487.61 352.67 2683.07  50  13190 
 84 2722.80 400.51 2683.07  50  13240 
 85 2774.60 379.57 2722.80  50  13290 
 86 2587.08 371.78 2774.60  50  13340 
 87 2653.94 428.62 2774.60  50  13390 
 88 2753.82 660.31 2774.60  50  13440 
 89 2908.79 358.95 2774.60  50  13490 
 90 2610.50 405.98 2908.79  50  13540 
 91 2785.07 366.74 2908.79  50  13590 
 92 2870.28 390.45 2908.79  50  13640 
 93 2912.86 513.50 2908.79  50  13690 
 94 2973.88 478.74 2912.86  50  13740 
 95 2906.48 380.98 2973.88  50  13790 
 96 2835.56 339.49 2973.88  50  13840 
 97 2746.67 334.17 2973.88  50  13890 
 98 2289.66 323.79 2973.88  50  13940 
 99 2589.93 291.61 2973.88  50  13990 
100 2593.18 374.24 2973.88  50  14040 
