5.318 5.917 7.372 9.368 11.290 16.839 18.377
6.296 7.214 9.597 12.133 16.599 32.984 48.283
7.985 10.248 17.528 29.135 55.752 85.804 96.737
29.962 39.149 70.432 87.381 104.339 134.523 146.641
68.865 74.227 95.194 113.271 138.594 208.828 219.444
91.188 102.060 162.590 209.302 221.552 242.906 253.442
104.753 133.477 221.362 236.157 248.820 270.227 277.764
223.325 228.750 243.364 255.721 269.415 289.326 299.147
228.408 242.522 267.908 294.507 322.820 346.415 355.395
263.130 290.685 333.186 359.043 379.935 411.919 424.930
274.727 317.496 351.169 372.755 393.707 422.586 437.532
342.886 362.787 411.967 455.256 509.732 610.515 659.323
331.111 388.819 525.008 645.440 767.986 969.443 1089.624
357.011 404.446 543.302 680.886 826.177 1179.003 1339.734
367.054 417.150 553.335 683.759 804.625 1081.977 1275.605
472.906 511.764 673.137 800.216 955.567 1249.456 1403.662
445.527 650.486 909.490 1066.048 1256.485 1769.701 1893.207
594.226 732.805 942.544 1081.400 1275.261 1679.489 1925.083
700.254 739.386 954.162 1112.209 1279.439 1598.132 1680.725
758.987 829.936 978.711 1197.389 1452.233 1846.690 2094.497
491.925 695.267 930.548 1160.100 1405.488 1888.067 2017.836
603.451 700.787 958.979 1188.845 1388.963 1882.805 2075.181
829.140 875.945 1011.965 1166.107 1351.336 1870.389 2054.579
726.317 803.979 1021.387 1173.530 1375.146 1687.106 1879.287
744.288 849.842 1148.155 1415.967 1605.214 2319.156 2503.164
1025.627 1145.492 1431.249 1778.729 2273.823 2554.934 2578.171
884.835 995.164 1244.992 1649.969 2010.179 2441.973 2509.729
946.504 1080.427 1202.504 1399.686 1497.688 1998.883 2115.215
870.144 895.723 1058.538 1207.149 1365.861 1597.955 1656.530
894.017 947.947 1135.212 1372.857 1711.360 2364.322 2528.762
1121.705 1173.278 1420.544 1821.381 2252.036 2707.032 2725.772
1176.087 1350.024 1988.599 2256.640 2586.187 2702.293 2749.618
978.904 1119.612 1555.652 2195.310 2565.937 2640.821 2718.151
770.267 815.578 1094.694 1478.282 1741.811 2459.895 2550.111
863.810 1066.195 1491.508 1857.464 2319.965 2582.381 2715.460
1091.687 1216.527 1589.340 1805.391 2147.987 2533.313 2591.984
886.178 927.169 1096.935 1391.648 1510.128 1949.637 2144.099
1107.476 1123.804 1237.571 1387.394 1537.358 2281.801 2371.126
1107.703 1172.939 1409.333 1670.601 2149.435 2608.104 2719.336
817.530 1003.544 1447.177 1912.884 2361.581 2718.615 2791.853
647.539 829.541 1006.537 1271.252 1502.035 2143.139 2534.315
574.878 710.733 1166.201 1466.366 1621.062 2138.698 2480.044
753.759 964.666 1532.606 2133.615 2692.305 2945.903 2978.222
869.068 960.064 1217.535 1553.421 2178.045 2840.371 2924.168
1344.553 1633.389 2045.734 2767.785 2905.721 2988.904 3029.487
1061.075 1167.166 1673.495 1927.099 2435.298 2844.923 2862.221
1216.175 1345.865 1937.539 2482.764 2757.614 2838.322 2926.539
919.484 1080.291 1467.608 1823.638 2576.991 3029.345 3063.432
1312.161 1573.488 2066.832 2513.934 2877.029 3018.699 3037.336
1279.644 1409.595 2797.753 2890.490 2958.330 3018.860 3073.857
1101.981 1360.952 1651.093 2205.515 2856.357 3113.088 3139.167
968.176 1441.310 1672.813 1910.156 2302.744 3096.592 3220.490
1843.006 2244.552 2989.166 3043.916 3070.452 3145.121 3169.881
769.189 1215.904 1766.596 2019.442 2583.688 3189.709 3199.941
607.925 710.242 896.567 1234.443 1929.291 3009.949 3121.097
690.809 768.099 1811.804 2266.221 2900.042 3078.834 3096.885
1917.630 2213.536 2957.313 3030.360 3079.496 3125.018 3137.129
808.551 853.416 1290.747 1922.265 2754.525 3093.482 3130.764
939.682 968.452 1486.394 2019.530 3077.131 3156.564 3200.696
740.806 1164.908 1541.176 2406.557 3078.097 3165.040 3173.340
930.828 1026.935 2218.325 3007.496 3107.353 3137.384 3149.868
1202.712 1330.098 2395.413 3087.065 3137.327 3179.085 3182.720
1606.748 2054.912 3046.150 3088.122 3114.518 3156.917 3160.808
1339.921 1698.849 2217.186 3071.880 3135.858 3181.622 3189.875
1307.919 1644.620 2435.124 3123.114 3151.379 3180.918 3194.355
1326.603 1451.474 1771.135 2462.673 3106.768 3209.293 3230.629
1449.558 1593.995 1941.880 2381.831 3148.836 3199.280 3220.591
1707.913 1866.508 3078.876 3126.251 3169.165 3205.810 3217.635
1727.124 1767.189 2729.025 3129.855 3162.341 3191.539 3198.716
2124.374 2404.156 3075.850 3103.788 3139.064 3167.670 3176.057
1761.128 2070.655 2950.262 3051.977 3123.501 3166.645 3186.452
1550.189 1816.262 2415.497 2877.391 3166.877 3213.568 3229.356
1513.382 1857.214 2491.104 3128.013 3162.016 3211.983 3225.677
1045.836 1245.375 1929.158 2799.468 3125.358 3195.721 3211.227
1144.835 1313.407 2494.251 3008.121 3122.313 3154.477 3163.820
1385.530 2228.659 3012.789 3047.092 3080.072 3121.104 3131.031
1068.174 1962.567 2995.698 3053.336 3086.061 3122.515 3132.013
1342.710 1495.491 1959.602 2607.793 3062.410 3156.691 3170.866
1212.896 1339.252 1572.152 2200.380 2828.380 3225.411 3236.123
1827.108 2368.366 3089.877 3161.519 3175.356 3218.081 3221.518
1005.042 1419.788 2268.993 2856.164 3148.590 3185.945 3192.355
739.634 988.915 2071.231 2746.976 3171.242 3204.395 3231.206
1403.312 1480.365 2131.909 3029.989 3201.551 3235.278 3254.511
1307.806 1423.523 1638.059 2013.763 2695.165 3230.531 3249.822
1517.360 1711.188 2136.150 2879.703 3234.939 3271.368 3279.405
1206.179 1802.122 3034.439 3140.627 3175.088 3203.082 3207.232
1886.614 2195.584 3136.091 3169.094 3208.311 3244.515 3257.138
296.893 350.137 2588.375 3162.166 3253.145 3287.226 3299.101
485.100 730.183 1853.073 2581.930 3256.755 3280.024 3287.207
793.798 920.219 2876.076 3214.099 3241.482 3260.876 3271.352
3195.441 3202.982 3227.790 3236.088 3255.517 3266.300 3271.534
2324.574 3083.614 3254.695 3265.923 3284.148 3293.115 3295.486
909.270 1257.554 1432.712 1671.852 1778.136 2177.170 2400.623
1679.610 1884.991 2371.137 3230.538 3265.665 3302.305 3311.052
1959.700 2679.092 3266.368 3281.954 3289.611 3300.748 3305.910
1926.784 2136.940 3247.767 3270.480 3284.100 3305.612 3309.907
1883.102 2287.017 3256.553 3284.961 3299.506 3314.273 3316.287
1920.765 2447.455 3260.582 3280.125 3295.126 3316.977 3320.534
316.603 3171.677 3213.747 3231.725 3249.873 3288.535 3292.609
1815.410 2085.341 2972.402 3275.662 3288.717 3310.200 3317.703
1863.044 2095.148 2848.242 3269.244 3288.788 3309.938 3316.305
