6.296672351431466197e+00 3.323158254043056203e+00 1.282404540767036361e+00 3.720455466346868434e+01 4.000000000000000000e+02
6.715812556094556740e+00 3.736661906397851673e+00 7.944159430960773260e-02 2.882769019758666573e+01 3.990000000000000000e+02
8.985826386470300520e+00 6.530495440488111036e+00 1.867057326860682931e+00 6.233629783925823631e+01 3.990000000000000000e+02
9.783929948716913572e+00 4.919319020795636099e+00 2.286251815025042156e+00 4.016398758920728795e+01 3.980000000000000000e+02
1.516424387100971849e+01 1.439705946168014528e+01 2.330804843595160936e+00 1.248716229160239095e+02 3.980000000000000000e+02
1.921410142385984088e+01 1.754867889090884603e+01 3.231907457976715747e+00 1.489201744622311594e+02 3.970000000000000000e+02
2.710909359971282484e+01 2.564976938768497305e+01 3.229429652291452957e+00 1.504674710273164351e+02 3.960000000000000000e+02
4.388764435320645418e+01 3.863960272064593937e+01 4.105002551188540849e+00 1.785783554872862737e+02 3.940000000000000000e+02
5.862995170922256705e+01 4.105507395077642485e+01 5.912577838336350311e+00 1.853498468327536557e+02 3.900000000000000000e+02
7.905572781215487055e+01 4.383594963856155147e+01 5.923927199531064502e+00 1.778665036624548179e+02 3.870000000000000000e+02
9.449647322548774753e+01 3.876947888160908207e+01 6.518465059813202345e+00 2.150041184988090777e+02 3.820000000000000000e+02
1.092509334430182406e+02 3.759879639693652109e+01 6.227374929231183742e+00 2.259234858398673680e+02 3.780000000000000000e+02
1.365622653162175197e+02 5.185580997293831729e+01 1.785034602642643264e+01 2.626483594401905748e+02 3.750000000000000000e+02
1.633280844876471463e+02 6.269700249783379320e+01 2.065699655898666265e+01 3.400647436232733867e+02 3.690000000000000000e+02
1.931325346766341795e+02 5.635982417651451470e+01 1.586372114754477636e+01 3.307482068691822974e+02 3.620000000000000000e+02
2.131514251262765072e+02 5.384275992390843157e+01 4.320701033343974728e+01 3.887686574430564406e+02 3.550000000000000000e+02
2.341434960556490523e+02 4.831466841626104269e+01 3.304525136551387021e+01 3.698240588564752898e+02 3.510000000000000000e+02
2.609304897737873716e+02 4.438190284000081931e+01 6.806665534348380220e+01 3.619062412557374842e+02 3.460000000000000000e+02
2.971007224619360727e+02 4.816829789755787772e+01 8.985808608417289634e+01 5.051406078379499718e+02 3.400000000000000000e+02
3.344300077328755378e+02 6.433331563324296098e+01 5.850478101285884946e+01 6.047101474545416977e+02 3.310000000000000000e+02
3.910703190676823624e+02 7.133508998062481510e+01 1.070548802355211109e+02 6.449849879416211706e+02 3.220000000000000000e+02
4.412848269799958416e+02 1.087503929753780341e+02 1.081299812829122686e+02 8.998668419880305009e+02 3.090000000000000000e+02
5.472857149864231587e+02 1.903414251761955995e+02 1.159312366953477209e+02 1.265625687880946998e+03 2.980000000000000000e+02
7.336409615593382796e+02 2.953190815688852240e+02 1.291382637692349817e+02 1.311352966853784892e+03 2.730000000000000000e+02
7.670225072659666239e+02 3.565388192629986293e+02 1.157767472747244994e+02 1.438779476335266509e+03 2.290000000000000000e+02
9.254634594058751418e+02 3.383263357822668240e+02 1.662643408960145734e+02 1.459303070622522910e+03 2.220000000000000000e+02
8.961382098634630893e+02 3.597031946517093388e+02 1.976139897955095819e+02 1.504741156543067063e+03 1.850000000000000000e+02
9.457641128877504570e+02 4.329764888326699293e+02 1.414588083181950537e+02 1.640836930006760667e+03 1.910000000000000000e+02
9.306373658720077628e+02 4.207958003994814362e+02 2.596647557847062444e+02 1.832298133866834178e+03 1.800000000000000000e+02
9.565001340824444469e+02 4.816267546182413071e+02 1.575549739233286743e+02 1.890553519108296314e+03 1.830000000000000000e+02
1.051570602928518156e+03 5.189270681562085201e+02 1.964670101456196392e+02 1.950245974661321043e+03 1.770000000000000000e+02
1.118884741955517484e+03 5.270277583968525050e+02 1.958742272178476185e+02 1.998458620380949014e+03 1.550000000000000000e+02
1.070132854560530177e+03 5.342872111046073087e+02 1.778929613540075820e+02 2.086755629474762827e+03 1.390000000000000000e+02
1.282135481164842986e+03 5.909082086847358823e+02 1.568080006044264110e+02 2.387545129423412618e+03 1.510000000000000000e+02
1.358142848813559112e+03 6.466213671626021551e+02 2.084050077342314111e+01 2.714294075948462705e+03 1.010000000000000000e+02
1.388336554473323758e+03 6.641566833851211413e+02 2.494284035588100608e+02 2.576257294004947653e+03 8.400000000000000000e+01
1.429883726625528197e+03 6.721275123838587433e+02 2.358124332245899382e+02 2.646272197707403393e+03 7.700000000000000000e+01
1.507317769865695027e+03 6.910152253840765297e+02 3.324563315285893736e+02 2.579502995851688411e+03 6.700000000000000000e+01
1.656705164569877525e+03 7.386197293485881801e+02 4.276667494334080288e+02 2.736681734199230505e+03 5.000000000000000000e+01
1.651586451785879717e+03 7.073592522192543584e+02 2.912390470149396720e+02 2.869767824758248025e+03 5.000000000000000000e+01
1.690077153742442761e+03 7.488888683781840427e+02 2.769009936909819203e+02 2.631756710320467391e+03 5.000000000000000000e+01
1.875301279050140920e+03 8.005760194578512028e+02 2.810417337924272374e+02 2.997361858149449290e+03 5.000000000000000000e+01
1.642005157475060741e+03 8.426596712450220821e+02 2.548907904057757605e+02 2.837820809006801483e+03 5.000000000000000000e+01
1.615612170756511432e+03 8.558430763252466704e+02 2.769267578703077106e+02 2.883122660473786709e+03 5.000000000000000000e+01
1.643464536934114903e+03 7.880958582692900336e+02 2.623712394895569560e+02 2.863569963722105967e+03 5.000000000000000000e+01
1.873017329931416725e+03 8.218090257153389757e+02 2.967025098203566813e+02 3.095650911043341239e+03 5.000000000000000000e+01
1.911246950593171960e+03 8.202476089395879626e+02 2.824637516487759399e+02 2.949671046408942402e+03 5.000000000000000000e+01
1.952388352957357938e+03 8.570293647440209952e+02 1.529752805722513642e+02 3.031333127775118555e+03 5.000000000000000000e+01
1.595017313443756166e+03 8.818506573539244755e+02 2.817212944121313853e+02 3.061798576988496734e+03 5.000000000000000000e+01
1.603864648091038589e+03 9.346415336967492067e+02 2.843550477906424021e+02 3.029947540798535101e+03 5.000000000000000000e+01
1.721807367766444486e+03 9.251789089886659667e+02 2.778566685884366052e+02 3.109955060599304488e+03 5.000000000000000000e+01
1.986058840771339646e+03 8.896458672578917231e+02 2.729702276491565840e+02 2.940200439652363457e+03 5.000000000000000000e+01
2.204235061731050337e+03 8.574674488292869228e+02 2.651524599321908795e+02 3.033525095946198689e+03 5.000000000000000000e+01
2.033461338591118874e+03 8.896050481129469745e+02 4.177011114483614733e+02 3.061083016393031357e+03 5.000000000000000000e+01
1.949482778002335181e+03 9.725355122021899206e+02 2.933558788828945012e+02 3.026802374197874087e+03 5.000000000000000000e+01
2.005698594796217321e+03 7.255390074246538461e+02 3.453727393580821285e+02 3.123533611873468544e+03 5.000000000000000000e+01
2.047286210912040360e+03 9.545005453720185642e+02 2.839506677758219553e+02 3.015902717763223336e+03 5.000000000000000000e+01
2.343314521251694259e+03 7.182949185319620256e+02 2.586059329917760010e+02 3.111895414809416252e+03 5.000000000000000000e+01
2.061275103722316544e+03 9.251995772028385545e+02 2.692406477148809927e+02 3.088732086090652501e+03 5.000000000000000000e+01
2.194119459197000197e+03 6.977984085533743155e+02 5.813029638937673553e+02 3.215455056284197781e+03 5.000000000000000000e+01
1.991625188688950175e+03 8.403953816633567158e+02 2.682895624775117085e+02 3.078915147760561013e+03 5.000000000000000000e+01
2.476147266418748131e+03 7.862116846725128880e+02 2.859731195131076333e+02 3.211666490272499686e+03 5.000000000000000000e+01
2.368253248199258906e+03 8.201973575022932437e+02 1.872060473177540416e+02 3.181358103231299538e+03 5.000000000000000000e+01
1.911932932109598596e+03 8.779795436023238153e+02 1.258070266365466239e+02 3.076915693131612898e+03 5.000000000000000000e+01
1.867651897930112000e+03 9.996977839857219124e+02 1.385916378015324142e+02 3.144442781312615807e+03 5.000000000000000000e+01
2.053034932044773086e+03 9.062892963393532000e+02 1.334631021972039662e+02 3.176801786286606330e+03 5.000000000000000000e+01
2.232737086708806146e+03 9.300806671060379358e+02 1.469587308599523112e+02 3.155101066388304844e+03 5.000000000000000000e+01
2.143557434535219727e+03 9.327865826384479533e+02 1.388431116271454471e+02 3.141461342716693707e+03 5.000000000000000000e+01
2.458107220251744366e+03 8.179064684159930039e+02 4.880031521493222613e+02 3.166396679605953977e+03 5.000000000000000000e+01
2.207847189594269821e+03 9.869830739509806108e+02 1.391895900146354847e+02 3.184114412116384301e+03 5.000000000000000000e+01
1.937966033763466612e+03 1.046389800382947897e+03 3.475569388504144399e+02 3.143664421697975285e+03 5.000000000000000000e+01
2.425710637318669342e+03 8.521649147371113031e+02 2.970480274670204039e+02 3.199141007461285426e+03 5.000000000000000000e+01
2.459120740111272880e+03 9.203564986021780214e+02 4.273837987477030538e+02 3.192552727820743712e+03 5.000000000000000000e+01
2.571932095380990631e+03 7.774597561359743167e+02 1.614984827834223040e+02 3.200099068430553871e+03 5.000000000000000000e+01
2.398393390691710465e+03 9.242506705823469701e+02 3.593698716430504874e+02 3.268481260554873643e+03 5.000000000000000000e+01
2.003157924311781244e+03 1.138539683827662429e+03 1.557249744046652324e+02 3.253772420900851102e+03 5.000000000000000000e+01
2.479260655241807854e+03 8.974539934863009876e+02 3.897341928518481495e+02 3.319994802364135467e+03 5.000000000000000000e+01
2.200576882835102424e+03 1.044300782525394197e+03 1.483495314712216668e+02 3.292390838917698147e+03 5.000000000000000000e+01
2.492556389262972971e+03 9.118230503862622527e+02 4.263915365275723843e+02 3.248176814353207646e+03 5.000000000000000000e+01
2.594032348062274195e+03 8.011693365596154308e+02 1.413166274703508805e+02 3.264557299154325847e+03 5.000000000000000000e+01
2.588008500661244852e+03 7.062396616551976649e+02 1.490368979712735324e+02 3.263315513665608250e+03 5.000000000000000000e+01
2.675774483565572154e+03 7.210960605331130182e+02 6.015262472022831162e+02 3.307258936712616105e+03 5.000000000000000000e+01
2.683071017672826201e+03 7.858492455235681291e+02 1.731126901155247992e+02 3.297131725055266088e+03 5.000000000000000000e+01
2.487608591595117559e+03 8.800313961409067360e+02 1.478552504589265482e+02 3.323529477571140433e+03 5.000000000000000000e+01
2.722800419527246504e+03 6.562994112005879970e+02 7.756091937292184184e+02 3.348886242488252719e+03 5.000000000000000000e+01
2.774597736897028426e+03 8.459502864583868131e+02 1.437332790804335048e+02 3.305095157410275533e+03 5.000000000000000000e+01
2.587081348220662676e+03 8.628197840904435907e+02 1.308117833228730831e+02 3.308594041271721835e+03 5.000000000000000000e+01
2.653937523597382096e+03 8.914001292656836313e+02 1.690956880878960078e+02 3.331130316995574958e+03 5.000000000000000000e+01
2.753821567407755992e+03 8.035089439340825948e+02 1.930517447573597849e+02 3.332455376086244996e+03 5.000000000000000000e+01
2.908794516513056806e+03 7.056662879096260212e+02 1.582634676708156860e+02 3.314991106472501087e+03 5.000000000000000000e+01
2.610497605912783001e+03 9.628817444129809928e+02 1.370622685905938170e+02 3.350904443286868627e+03 5.000000000000000000e+01
2.785070896128918321e+03 8.345848842591882430e+02 4.447587918009746772e+02 3.366447208770296129e+03 5.000000000000000000e+01
2.870278451738800413e+03 7.767349814791097060e+02 4.718773919498627265e+02 3.325582722059178195e+03 5.000000000000000000e+01
2.912864075641369709e+03 7.909551264037193050e+02 1.480114319402962622e+02 3.332114135663631714e+03 5.000000000000000000e+01
2.973882532907713085e+03 4.282942637915633668e+02 1.727101117820926447e+03 3.366219646215130979e+03 5.000000000000000000e+01
2.906481599165193984e+03 6.281309965277421270e+02 1.058635198211366514e+03 3.400586029853894161e+03 5.000000000000000000e+01
2.835563711009024701e+03 7.517648216408326789e+02 1.601102371647676819e+02 3.381100579652601027e+03 5.000000000000000000e+01
2.746665812696756348e+03 8.929970582136844541e+02 3.994535156008191734e+02 3.410078032673358393e+03 5.000000000000000000e+01
2.289657128821607330e+03 1.224920080645252710e+03 1.424503455792096531e+02 3.352788133677603582e+03 5.000000000000000000e+01
2.589925897070618248e+03 9.797393679232034174e+02 5.382723544444532990e+02 3.356902068505747138e+03 5.000000000000000000e+01
2.593180956756717933e+03 1.071019159435353913e+03 1.378035179870725528e+02 3.400594497352480630e+03 5.000000000000000000e+01
