11.084 6.899 1.952 63.970 11.084 400.000
20.623 23.484 3.876 201.866 20.623 398.000
44.395 38.545 3.939 232.196 44.395 396.000
90.015 45.348 4.030 279.805 90.015 390.000
129.559 57.443 8.146 290.699 129.559 379.000
186.275 62.929 28.381 307.857 186.275 370.000
218.280 62.774 24.307 320.529 218.280 357.000
257.218 33.460 99.747 352.324 257.218 350.000
292.309 52.974 114.020 419.179 292.309 340.000
350.915 68.062 111.841 544.169 350.915 332.000
362.241 79.156 82.117 584.379 362.241 319.000
480.384 136.588 83.660 1111.716 480.384 316.000
691.664 333.092 73.854 2268.869 691.664 288.000
786.919 431.495 171.147 2263.711 786.919 239.000
747.217 376.670 101.080 2511.508 747.217 217.000
885.187 391.985 246.880 2555.578 885.187 226.000
1149.684 530.785 199.043 2674.242 1149.684 194.000
1186.270 533.530 251.019 2655.005 1186.270 132.000
1153.151 410.720 310.325 2494.108 1153.151 124.000
1305.193 537.204 240.763 2882.563 1305.193 131.000
1220.686 568.439 248.034 2791.438 1220.686 96.000
1245.064 577.937 57.451 2627.389 1245.064 116.000
1298.491 506.235 288.932 2674.275 1298.491 110.000
1261.708 477.747 349.626 2794.217 1261.708 98.000
1481.762 633.902 310.424 2867.946 1481.762 106.000
1822.730 643.013 325.637 2819.645 1822.730 55.000
1658.255 608.243 633.002 2622.320 1658.255 50.000
1458.032 478.756 655.495 2927.577 1458.032 50.000
1252.299 378.098 410.855 2551.600 1252.299 60.000
1538.600 605.165 642.232 3011.398 1538.600 108.000
1876.631 646.912 714.512 2977.854 1876.631 50.000
2093.805 675.493 303.248 2968.947 2093.805 50.000
1981.358 728.229 313.966 2904.802 1981.358 50.000
1514.624 689.794 285.948 2953.152 1514.624 50.000
1832.599 727.033 308.893 2824.893 1832.599 50.000
1853.108 590.152 727.893 2856.107 1853.108 50.000
1391.028 524.229 369.632 2838.902 1391.028 50.000
1555.032 500.808 641.436 2696.877 1555.032 76.000
1836.248 649.390 696.658 3004.058 1836.248 50.000
1886.014 741.211 595.148 2977.742 1886.014 50.000
1418.642 701.636 387.730 3082.536 1418.642 50.000
1470.581 681.434 384.667 2985.985 1470.581 69.000
2009.929 838.787 568.793 3166.891 2009.929 57.000
1749.751 814.107 429.939 3162.239 1749.751 50.000
2393.286 676.187 982.353 3289.287 2393.286 50.000
2017.745 703.598 725.270 2988.841 2017.745 50.000
2217.872 707.848 299.470 3043.255 2217.872 50.000
1962.919 861.419 240.889 3192.802 1962.919 50.000
2326.585 715.966 285.288 3249.733 2326.585 50.000
2520.640 718.405 636.266 3184.020 2520.640 50.000
2200.250 834.017 263.291 3338.541 2200.250 50.000
2028.103 745.300 279.472 3295.150 2028.103 50.000
2784.752 602.307 821.985 3218.745 2784.752 50.000
2132.952 855.061 277.476 3283.784 2132.952 50.000
1569.087 933.663 265.069 3281.752 1569.087 50.000
2123.158 904.878 623.484 3221.004 2123.158 50.000
2789.052 537.525 937.756 3205.476 2789.052 50.000
1974.808 987.039 268.393 3189.842 1974.808 50.000
2136.155 943.475 270.508 3266.434 2136.155 50.000
2192.908 964.966 285.857 3259.924 2192.908 50.000
2430.929 874.343 646.291 3255.491 2430.929 50.000
2571.169 820.327 662.862 3255.851 2571.169 50.000
2751.661 753.827 286.500 3304.843 2751.661 50.000
2578.953 707.686 1167.559 3231.068 2578.953 50.000
2612.491 763.047 1038.732 3227.169 2612.491 50.000
2366.184 801.251 737.031 3298.435 2366.184 50.000
2414.542 762.216 947.376 3272.033 2414.542 50.000
2782.420 656.213 1057.645 3241.401 2782.420 50.000
2722.903 653.823 681.720 3286.588 2722.903 50.000
2927.643 441.746 1430.539 3220.438 2927.643 50.000
2729.463 645.244 655.667 3202.393 2729.463 50.000
2613.069 668.679 1058.154 3253.254 2613.069 50.000
2633.322 811.218 278.304 3287.822 2633.322 50.000
2365.476 933.856 259.729 3247.695 2365.476 50.000
2486.657 881.261 294.710 3208.583 2486.657 50.000
2728.887 735.690 431.178 3160.574 2728.887 50.000
2651.455 779.064 701.895 3184.747 2651.455 50.000
2391.601 774.280 574.653 3271.186 2391.601 50.000
2201.873 844.879 298.467 3292.571 2201.873 50.000
2885.677 555.550 1265.386 3304.326 2885.677 50.000
2471.310 877.832 276.811 3245.055 2471.310 50.000
2337.313 971.431 427.999 3268.696 2337.313 50.000
2520.732 824.104 385.745 3298.580 2520.732 50.000
2179.904 786.941 477.460 3344.216 2179.904 50.000
2581.513 778.033 443.600 3343.357 2581.513 50.000
2688.515 801.676 711.160 3224.247 2688.515 50.000
2819.052 754.286 302.683 3285.184 2819.052 50.000
2452.100 1142.737 284.658 3332.501 2452.100 50.000
2229.582 1142.281 279.864 3310.046 2229.582 50.000
2654.543 957.817 294.942 3281.595 2654.543 50.000
3237.571 32.251 3169.553 3317.736 3237.571 50.000
3106.772 406.751 1846.698 3311.279 3106.772 50.000
1650.003 650.485 274.828 3268.794 1650.003 50.000
2744.550 690.080 947.921 3388.845 2744.550 50.000
3012.892 625.089 1058.837 3321.069 3012.892 50.000
3015.459 528.587 1663.619 3335.182 3015.459 50.000
2965.953 731.120 267.007 3336.494 2965.953 50.000
2968.090 733.216 295.937 3341.377 2968.090 50.000
2842.352 989.752 286.008 3310.925 2842.352 50.000
2808.318 830.339 273.996 3374.439 2808.318 50.000
2904.830 563.574 1711.165 3403.584 2904.830 50.000
