 Iter | Train MDP | Test MDP | Best (on Train) | Episodes so far 
  0 -19.91 0.00 0.00 200    200 
  1 -6.40 0.00 0.00 200    400 
  2 11.87 0.00 0.00 200    600 
  3 28.08 0.00 11.87 189    789 
  4 30.97 0.00 28.08 172    961 
  5 31.22 0.00 30.97 170   1131 
  6 32.25 0.00 31.22 169   1300 
  7 32.12 0.00 32.25 168   1468 
  8 35.11 0.00 32.25 168   1636 
  9 41.04 0.00 35.11 165   1801 
 10 41.43 0.00 41.04 159   1960 
 11 43.18 0.00 41.43 159   2119 
 12 47.97 0.00 43.18 157   2276 
 13 48.12 0.00 47.97 153   2429 
 14 51.21 0.00 48.12 152   2581 
 15 52.94 0.00 51.21 149   2730 
 16 52.39 0.00 52.94 148   2878 
 17 54.93 0.00 52.94 148   3026 
 18 54.87 0.00 54.93 146   3172 
 19 58.73 0.00 54.93 146   3318 
 20 62.14 0.00 58.73 142   3460 
 21 62.14 0.00 62.14 138   3598 
 22 66.25 0.00 62.14 138   3736 
 23 67.38 0.00 66.25 134   3870 
 24 68.16 0.00 67.38 133   4003 
 25 69.13 0.00 68.16 132   4135 
 26 73.58 0.00 69.13 131   4266 
 27 81.02 0.00 73.58 127   4393 
 28 85.50 0.00 81.02 119   4512 
 29 96.64 0.00 85.50 115   4627 
 30 96.92 0.00 96.64 104   4731 
 31 98.27 0.00 96.92 104   4835 
 32 111.18 0.00 98.27 102   4937 
 33 111.94 0.00 111.18  89   5026 
 34 116.74 0.00 111.94  89   5115 
 35 119.06 0.00 116.74  84   5199 
 36 119.58 0.00 119.06  81   5280 
 37 125.49 0.00 119.58  81   5361 
 38 124.74 0.00 125.49  75   5436 
 39 125.33 0.00 125.49  76   5512 
 40 128.19 0.00 125.49  75   5587 
 41 132.63 0.00 128.19  72   5659 
 42 135.38 0.00 132.63  68   5727 
 43 137.19 0.00 135.38  65   5792 
 44 136.76 0.00 137.19  63   5855 
 45 139.17 0.00 137.19  64   5919 
 46 139.62 0.00 139.17  61   5980 
 47 145.94 0.00 139.62  61   6041 
 48 148.27 0.00 145.94  55   6096 
 49 151.73 0.00 148.27  52   6148 
 50 147.67 0.00 151.73  50   6198 
 51 157.42 0.00 151.73  53   6251 
 52 155.70 0.00 157.42  50   6301 
 53 154.91 0.00 157.42  50   6351 
 54 153.88 0.00 157.42  50   6401 
 55 154.49 0.00 157.42  50   6451 
 56 164.46 0.00 157.42  50   6501 
 57 159.20 0.00 164.46  50   6551 
 58 161.98 0.00 164.46  50   6601 
 59 169.52 0.00 164.46  50   6651 
 60 166.03 0.00 169.52  50   6701 
 61 169.83 0.00 169.52  50   6751 
 62 175.67 0.00 169.83  50   6801 
 63 168.07 0.00 175.67  50   6851 
 64 174.92 0.00 175.67  50   6901 
 65 157.69 0.00 175.67  50   6951 
 66 174.41 0.00 175.67  50   7001 
 67 169.92 0.00 175.67  50   7051 
 68 173.09 0.00 175.67  50   7101 
 69 196.03 0.00 175.67  50   7151 
 70 180.46 0.00 196.03  50   7201 
 71 181.85 0.00 196.03  50   7251 
 72 181.24 0.00 196.03  50   7301 
 73 190.05 0.00 196.03  50   7351 
 74 189.64 0.00 196.03  50   7401 
 75 187.94 0.00 196.03  50   7451 
 76 187.36 0.00 196.03  50   7501 
 77 204.11 0.00 196.03  50   7551 
 78 198.44 0.00 204.11  50   7601 
 79 199.43 0.00 204.11  50   7651 
 80 210.15 0.00 204.11  50   7701 
 81 198.51 0.00 210.15  50   7751 
 82 191.94 0.00 210.15  50   7801 
 83 194.16 0.00 210.15  50   7851 
 84 191.59 0.00 210.15  50   7901 
 85 190.82 0.00 210.15  50   7951 
 86 212.43 0.00 210.15  50   8001 
 87 203.88 0.00 212.43  50   8051 
 88 192.94 0.00 212.43  50   8101 
 89 218.89 0.00 212.43  50   8151 
 90 205.93 0.00 218.89  50   8201 
 91 197.34 0.00 218.89  50   8251 
 92 186.94 0.00 218.89  50   8301 
 93 191.58 0.00 218.89  50   8351 
 94 197.75 0.00 218.89  50   8401 
 95 205.52 0.00 218.89  50   8451 
 96 231.11 0.00 218.89  50   8501 
 97 230.53 0.00 231.11  50   8551 
 98 246.86 0.00 231.11  50   8601 
 99 236.25 0.00 246.86  50   8651 
100 241.13 0.00 246.86  50   8701 
