-19.911 10.068 -52.517 0.987 -19.911 200.000
-6.400 9.316 -28.678 25.106 -6.400 200.000
11.870 13.003 -15.822 40.829 11.870 200.000
28.075 9.240 -12.114 46.632 28.075 189.000
30.969 5.365 16.545 45.385 30.969 172.000
31.221 4.203 16.222 46.136 31.221 170.000
32.251 3.931 23.447 50.597 32.251 169.000
32.123 4.015 18.755 43.103 32.123 168.000
35.111 4.793 24.591 50.845 35.111 168.000
41.044 5.863 28.733 64.856 41.044 165.000
41.431 5.475 30.781 57.580 41.431 159.000
43.177 4.409 32.739 61.172 43.177 159.000
47.969 6.196 35.297 75.456 47.969 157.000
48.118 4.400 38.895 67.711 48.118 153.000
51.214 5.107 39.897 72.092 51.214 152.000
52.943 5.887 35.971 72.851 52.943 149.000
52.393 4.559 35.641 77.769 52.393 148.000
54.929 7.303 26.972 85.532 54.929 148.000
54.867 5.564 30.410 71.352 54.867 146.000
58.727 9.048 43.323 103.149 58.727 146.000
62.143 9.421 44.770 90.162 62.143 142.000
62.143 7.204 48.180 93.564 62.143 138.000
66.247 6.964 49.640 93.584 66.247 138.000
67.376 7.191 52.933 90.758 67.376 134.000
68.159 6.992 49.852 93.087 68.159 133.000
69.134 6.716 46.729 86.549 69.134 132.000
73.575 8.352 45.658 101.519 73.575 131.000
81.018 12.395 46.039 132.949 81.018 127.000
85.504 10.935 52.335 118.008 85.504 119.000
96.642 14.656 68.646 156.510 96.642 115.000
96.920 12.919 64.616 133.456 96.920 104.000
98.265 11.149 69.850 127.340 98.265 104.000
111.184 13.541 78.340 156.080 111.184 102.000
111.938 14.870 81.838 157.010 111.938 89.000
116.739 15.072 69.921 167.923 116.739 89.000
119.060 12.421 83.321 163.583 119.060 84.000
119.577 12.914 82.898 150.579 119.577 81.000
125.485 14.722 92.010 204.757 125.485 81.000
124.742 11.564 93.971 155.981 124.742 75.000
125.325 13.958 84.792 170.471 125.325 76.000
128.190 14.853 83.542 178.875 128.190 75.000
132.631 14.354 94.271 173.122 132.631 72.000
135.378 15.134 99.215 174.867 135.378 68.000
137.193 12.122 111.094 172.639 137.193 65.000
136.762 13.433 106.875 185.184 136.762 63.000
139.170 13.051 103.734 175.219 139.170 64.000
139.617 11.874 108.841 173.010 139.617 61.000
145.939 16.106 112.696 200.542 145.939 61.000
148.272 14.877 113.073 188.706 148.272 55.000
151.726 18.704 105.020 229.455 151.726 52.000
147.671 17.597 105.836 189.727 147.671 50.000
157.424 16.477 124.274 213.782 157.424 53.000
155.702 15.987 126.497 200.127 155.702 50.000
154.908 14.154 104.397 181.542 154.908 50.000
153.885 20.307 88.762 203.455 153.885 50.000
154.488 20.283 103.918 229.194 154.488 50.000
164.457 20.647 128.219 220.556 164.457 50.000
159.200 20.203 110.915 208.324 159.200 50.000
161.981 17.419 116.594 208.829 161.981 50.000
169.523 28.595 88.145 248.135 169.523 50.000
166.026 29.072 107.388 269.035 166.026 50.000
169.828 24.842 120.134 249.016 169.828 50.000
175.672 29.847 126.123 255.573 175.672 50.000
168.070 24.819 117.282 246.564 168.070 50.000
174.918 30.658 125.886 254.402 174.918 50.000
157.691 28.595 106.262 243.013 157.691 50.000
174.410 28.837 134.824 271.981 174.410 50.000
169.925 21.782 128.049 263.945 169.925 50.000
173.086 28.143 129.978 262.856 173.086 50.000
196.032 34.115 119.558 267.248 196.032 50.000
180.462 27.425 136.614 279.265 180.462 50.000
181.849 29.030 139.090 251.041 181.849 50.000
181.240 27.416 131.715 250.953 181.240 50.000
190.052 32.258 131.785 255.566 190.052 50.000
189.643 30.195 135.056 260.369 189.643 50.000
187.936 25.674 148.678 255.996 187.936 50.000
187.365 28.734 142.400 263.260 187.365 50.000
204.109 31.934 141.513 261.990 204.109 50.000
198.435 33.152 129.465 272.567 198.435 50.000
199.434 32.209 142.962 267.973 199.434 50.000
210.148 34.843 138.777 269.238 210.148 50.000
198.511 34.349 144.629 269.715 198.511 50.000
191.943 32.325 139.442 279.547 191.943 50.000
194.162 36.514 124.206 279.066 194.162 50.000
191.592 33.408 119.181 269.761 191.592 50.000
190.819 27.341 150.291 260.723 190.819 50.000
212.433 39.550 138.063 272.930 212.433 50.000
203.883 36.049 130.328 273.706 203.883 50.000
192.944 31.729 142.666 275.936 192.944 50.000
218.885 32.377 151.697 270.585 218.885 50.000
205.935 33.787 147.213 268.507 205.935 50.000
197.339 31.911 128.146 273.801 197.339 50.000
186.940 31.276 123.522 253.780 186.940 50.000
191.584 38.414 119.708 276.483 191.584 50.000
197.754 32.772 135.094 267.246 197.754 50.000
205.519 30.337 147.118 269.442 205.519 50.000
231.111 31.225 146.981 269.650 231.111 50.000
230.529 29.015 148.247 268.903 230.529 50.000
246.858 19.697 178.764 273.966 246.858 50.000
236.254 30.400 145.689 275.896 236.254 50.000
241.127 27.643 159.135 273.615 241.127 50.000
