-32.244 -30.880 -24.332 -19.664 -15.772 -9.145 -7.483
-17.287 -15.372 -11.035 -6.760 -2.266 3.133 5.608
-5.231 -0.896 4.909 10.183 17.134 27.557 29.655
16.516 18.689 25.757 29.116 32.412 36.902 38.927
24.601 25.659 28.346 30.632 32.748 36.826 38.661
26.831 27.381 29.464 30.941 32.412 34.827 35.863
27.697 28.394 30.919 32.036 33.644 35.198 36.803
27.984 28.581 30.152 31.872 33.255 36.209 37.163
29.388 30.392 32.433 34.413 36.844 40.074 41.741
33.999 35.197 37.757 41.118 43.443 46.615 47.962
34.313 35.270 38.720 41.663 43.266 46.713 48.460
37.740 38.826 41.517 43.318 44.749 47.120 48.228
41.764 42.626 45.102 47.203 48.697 52.846 55.061
43.300 44.264 45.979 47.878 49.386 52.174 53.502
44.893 46.199 48.722 50.566 53.066 56.467 57.468
46.257 47.364 50.585 52.391 55.020 58.609 59.502
47.627 48.256 50.801 52.306 53.986 56.190 57.272
48.035 49.716 52.527 55.232 57.308 60.756 63.195
48.543 50.033 52.332 54.494 56.596 60.956 62.282
48.796 50.277 54.373 57.320 60.864 66.278 68.745
51.642 53.797 57.120 59.801 64.393 71.957 74.882
53.957 55.070 58.238 61.018 64.853 69.949 70.898
58.446 59.720 63.067 66.566 68.765 72.252 75.294
59.193 60.639 63.205 66.937 69.654 74.944 76.997
59.799 60.988 65.436 68.353 71.067 73.777 75.052
61.232 62.981 67.233 69.582 72.139 75.685 76.929
65.712 66.994 69.931 73.103 75.340 80.474 83.075
67.845 70.461 75.277 79.290 83.561 92.515 94.579
74.670 75.693 80.129 83.769 88.760 95.669 98.334
77.384 82.460 90.663 95.599 100.290 110.635 112.848
83.142 84.679 90.913 96.054 100.726 108.590 110.928
84.847 87.648 94.485 98.737 103.852 108.300 110.271
95.714 99.213 106.886 110.893 115.351 123.957 126.647
92.376 95.837 106.454 111.867 116.531 123.759 130.602
101.212 105.532 110.924 115.018 121.142 130.957 133.387
104.150 106.170 114.872 118.586 123.442 130.096 131.855
103.917 107.447 115.252 121.347 124.705 132.573 133.675
110.363 113.386 120.612 123.980 128.957 135.364 138.950
108.841 114.486 119.434 124.744 128.980 136.928 140.180
106.468 111.934 119.587 127.545 132.284 135.957 136.054
114.841 117.587 123.749 127.740 132.629 138.738 143.162
114.879 121.169 126.637 131.025 137.995 143.355 149.065
119.158 123.059 127.175 134.718 139.562 149.724 154.296
123.965 126.071 132.017 135.356 141.309 147.057 153.575
119.940 124.051 131.760 137.494 140.871 148.087 150.110
127.114 128.553 134.550 137.465 142.068 150.147 152.701
123.594 127.095 137.044 140.607 144.228 149.322 150.755
132.195 133.591 138.366 143.418 148.342 158.156 162.362
130.958 132.948 141.454 147.498 152.154 166.069 167.225
136.127 138.374 143.377 148.460 153.172 163.603 172.234
126.125 128.783 143.349 147.665 153.511 162.942 169.305
142.004 144.481 148.446 155.559 160.908 168.992 176.295
137.286 140.017 147.164 154.483 160.711 167.390 175.321
140.330 146.419 152.004 156.908 159.835 166.797 168.776
132.048 136.022 146.059 152.303 160.004 171.897 177.038
133.159 138.279 148.770 155.828 158.899 170.305 174.199
142.888 144.502 154.603 160.300 167.735 185.209 192.889
136.208 141.923 150.496 158.089 163.825 180.397 187.996
139.898 148.385 156.679 161.624 167.779 176.543 180.995
142.592 145.790 157.392 165.084 173.622 198.178 209.420
137.155 145.684 154.601 160.345 169.445 195.243 204.556
144.213 148.453 156.546 165.024 171.353 193.976 200.645
137.691 144.425 159.349 177.271 185.118 205.386 208.486
140.068 147.150 160.092 165.391 172.110 188.795 198.931
131.760 138.784 159.138 173.099 189.238 202.568 213.795
123.026 126.677 145.032 153.590 166.318 187.748 190.494
148.177 150.664 156.507 166.441 175.054 195.852 209.691
150.072 151.766 159.465 166.966 172.937 187.424 189.736
150.459 151.733 158.528 165.893 178.109 194.066 202.289
158.169 166.222 176.168 191.320 207.041 231.628 243.028
151.098 153.181 166.741 177.329 187.694 206.098 217.925
150.439 155.722 165.269 173.433 184.980 216.281 219.090
147.770 149.364 168.793 178.589 186.121 213.123 220.099
153.888 158.475 170.089 184.373 204.470 227.535 241.256
159.795 162.834 170.111 184.132 194.813 226.540 238.394
157.498 159.042 170.895 182.980 196.270 215.765 218.882
159.890 161.649 170.510 180.887 187.942 215.275 229.463
166.567 170.609 187.833 205.510 219.261 238.848 246.766
158.734 164.200 180.871 196.812 208.615 234.820 242.376
165.853 169.173 179.523 189.747 216.776 237.552 245.465
169.354 175.177 185.544 207.017 229.479 251.499 253.201
161.584 162.858 174.652 193.220 208.388 241.709 245.130
160.836 162.410 171.850 183.362 193.552 224.612 236.335
150.010 160.012 174.140 184.828 199.522 234.739 249.182
157.991 158.996 172.280 187.871 196.854 223.331 241.949
159.382 160.296 171.821 188.876 203.354 225.426 229.892
163.514 168.873 182.249 217.983 243.359 254.205 256.032
155.919 161.285 190.833 201.980 220.389 244.138 254.543
156.931 158.648 173.370 185.883 202.539 226.219 234.659
169.720 184.122 202.416 218.977 241.353 253.340 255.461
167.014 172.886 181.762 203.812 219.029 251.628 258.538
159.404 166.728 179.805 193.821 209.908 235.181 239.262
152.373 157.311 173.278 181.396 190.689 226.182 232.796
146.444 152.168 173.111 190.122 198.829 232.547 254.212
157.094 163.714 176.728 192.179 206.041 241.654 247.636
168.236 174.880 190.086 197.515 212.770 244.883 253.315
189.858 193.407 222.096 243.791 251.031 259.725 261.390
188.978 194.469 220.593 240.135 249.245 255.158 257.512
222.712 232.728 243.698 249.146 255.596 266.443 268.970
195.699 202.496 237.277 246.318 252.511 261.225 264.741
203.377 213.990 239.713 248.980 257.316 263.686 269.173
