 Iter | Train MDP | Test MDP | Best (on Train) | Episodes so far 
  0 5.98 8.90 0.00 400    400 
  1 6.15 9.51 5.98 399    799 
  2 8.07 13.98 6.15 399   1198 
  3 9.57 12.51 8.07 399   1597 
  4 11.77 14.99 9.57 398   1995 
  5 17.86 46.59 11.77 398   2393 
  6 28.01 54.46 17.86 396   2789 
  7 42.44 53.04 28.01 394   3183 
  8 53.84 78.14 42.44 391   3574 
  9 77.89 92.28 53.84 388   3962 
 10 97.09 124.66 77.89 382   4344 
 11 115.72 170.27 97.09 378   4722 
 12 145.08 194.87 115.72 373   5095 
 13 175.86 203.02 145.08 367   5462 
 14 212.09 271.41 175.86 359   5821 
 15 261.94 297.98 212.09 351   6172 
 16 287.18 294.71 261.94 339   6511 
 17 320.09 342.35 287.18 333   6844 
 18 362.06 363.11 320.09 326   7170 
 19 397.70 387.36 362.06 316   7486 
 20 472.66 420.54 397.70 308   7794 
 21 581.85 519.59 472.66 290   8084 
 22 759.05 605.99 581.85 265   8349 
 23 921.74 629.88 759.05 223   8572 
 24 969.02 623.61 921.74 185   8757 
 25 1002.68 597.13 969.02 174   8931 
 26 1046.68 532.96 1002.68 167   9098 
 27 1267.78 559.84 1046.68 156   9254 
 28 1228.35 525.88 1267.78 105   9359 
 29 1395.97 556.72 1267.78 114   9473 
 30 1314.93 485.43 1395.97  75   9548 
 31 1462.93 513.02 1395.97  94   9642 
 32 1523.75 581.86 1462.93  59   9701 
 33 1257.98 587.17 1523.75  50   9751 
 34 1507.59 544.74 1523.75 107   9858 
 35 1799.83 509.59 1523.75  50   9908 
 36 1576.54 508.04 1799.83  50   9958 
 37 1924.31 499.93 1799.83  50  10008 
 38 1846.27 485.27 1924.31  50  10058 
 39 1763.91 444.68 1924.31  50  10108 
 40 1608.99 500.29 1924.31  50  10158 
 41 1597.54 504.26 1924.31  50  10208 
 42 1969.74 582.93 1924.31  50  10258 
 43 1780.10 546.14 1969.74  50  10308 
 44 2190.17 430.66 1969.74  50  10358 
 45 2199.05 541.32 2190.17  50  10408 
 46 1885.65 505.14 2199.05  50  10458 
 47 1861.00 505.47 2199.05  50  10508 
 48 1943.04 516.96 2199.05  50  10558 
 49 1959.43 487.86 2199.05  50  10608 
 50 2083.80 416.31 2199.05  50  10658 
 51 2080.83 414.99 2199.05  50  10708 
 52 2184.58 458.52 2199.05  50  10758 
 53 1938.70 423.76 2199.05  50  10808 
 54 2220.62 441.81 2199.05  50  10858 
 55 2117.94 405.16 2220.62  50  10908 
 56 2369.04 458.22 2220.62  50  10958 
 57 2356.05 470.12 2369.04  50  11008 
 58 2298.73 406.69 2369.04  50  11058 
 59 2053.10 551.48 2369.04  50  11108 
 60 2138.59 424.68 2369.04  50  11158 
 61 2025.54 413.90 2369.04  50  11208 
 62 2496.27 443.79 2369.04  50  11258 
 63 2376.93 404.66 2496.27  50  11308 
 64 2127.59 393.44 2496.27  50  11358 
 65 1946.59 383.40 2496.27  50  11408 
 66 2217.28 390.52 2496.27  50  11458 
 67 2504.30 421.26 2496.27  50  11508 
 68 2563.83 393.43 2504.30  50  11558 
 69 2569.90 387.28 2563.83  50  11608 
 70 2398.85 398.00 2569.90  50  11658 
 71 2815.24 413.11 2569.90  50  11708 
 72 2491.11 385.26 2815.24  50  11758 
 73 2250.97 451.98 2815.24  50  11808 
 74 2008.43 409.11 2815.24  50  11858 
 75 2620.96 412.87 2815.24  50  11908 
 76 2418.97 418.18 2815.24  50  11958 
 77 2478.40 380.08 2815.24  50  12008 
 78 2166.57 356.24 2815.24  50  12058 
 79 2685.44 360.51 2815.24  50  12108 
 80 2577.57 375.69 2815.24  50  12158 
 81 2764.70 358.73 2815.24  50  12208 
 82 2523.69 356.98 2815.24  50  12258 
 83 2660.75 365.93 2815.24  50  12308 
 84 2854.14 334.81 2815.24  50  12358 
 85 2420.18 372.57 2854.14  50  12408 
 86 2611.24 380.22 2854.14  50  12458 
 87 2750.24 404.92 2854.14  50  12508 
 88 2620.83 339.88 2854.14  50  12558 
 89 2303.26 375.55 2854.14  50  12608 
 90 2618.04 369.17 2854.14  50  12658 
 91 2710.33 414.26 2854.14  50  12708 
 92 2702.24 390.36 2854.14  50  12758 
 93 2639.49 386.44 2854.14  50  12808 
 94 2598.40 374.28 2854.14  50  12858 
 95 2575.54 391.10 2854.14  50  12908 
 96 2870.69 404.99 2854.14  50  12958 
 97 2945.18 411.54 2870.69  50  13008 
 98 2836.69 431.85 2945.18  50  13058 
 99 3126.43 398.67 2945.18  50  13108 
100 2816.93 416.65 3126.43  50  13158 
101 2801.83 411.34 3126.43  50  13208 
102 2894.39 406.84 3126.43  50  13258 
103 2022.44 424.69 3126.43  50  13308 
104 2193.84 447.31 3126.43  50  13358 
105 2972.42 447.64 3126.43  50  13408 
106 2913.91 479.62 3126.43  50  13458 
107 3034.93 449.78 3126.43  50  13508 
108 2874.77 410.02 3126.43  50  13558 
109 2551.23 455.59 3126.43  50  13608 
110 2685.54 416.39 3126.43  50  13658 
111 2840.08 449.23 3126.43  50  13708 
112 2888.95 406.50 3126.43  50  13758 
113 3080.38 465.44 3126.43  50  13808 
114 2974.82 476.86 3126.43  50  13858 
115 2912.46 434.27 3126.43  50  13908 
116 2569.83 449.64 3126.43  50  13958 
117 2364.70 460.19 3126.43  50  14008 
118 2977.32 447.67 3126.43  50  14058 
119 2661.75 470.76 3126.43  50  14108 
120 2807.66 453.32 3126.43  50  14158 
121 2679.60 465.97 3126.43  50  14208 
122 2762.82 439.28 3126.43  50  14258 
123 2723.86 450.55 3126.43  50  14308 
124 2779.38 463.81 3126.43  50  14358 
125 2547.08 442.53 3126.43  50  14408 
126 2625.59 442.68 3126.43  50  14458 
127 3111.51 454.89 3126.43  50  14508 
128 3023.14 460.40 3126.43  50  14558 
129 2717.23 474.04 3126.43  50  14608 
130 2872.89 460.54 3126.43  50  14658 
131 2870.97 450.91 3126.43  50  14708 
132 3178.85 468.88 3126.43  50  14758 
133 3140.36 420.73 3178.85  50  14808 
134 2521.87 400.75 3178.85  50  14858 
135 2477.37 414.41 3178.85  50  14908 
136 2652.64 454.55 3178.85  50  14958 
137 2651.38 461.91 3178.85  50  15008 
138 2476.18 400.35 3178.85  50  15058 
139 2743.92 451.29 3178.85  50  15108 
140 2919.44 462.84 3178.85  50  15158 
141 2865.07 435.45 3178.85  50  15208 
142 3012.49 426.92 3178.85  50  15258 
143 2982.60 423.05 3178.85  50  15308 
144 3103.33 428.41 3178.85  50  15358 
145 2210.28 466.32 3178.85  50  15408 
146 2907.59 457.76 3178.85  50  15458 
147 2969.21 442.71 3178.85  50  15508 
148 3080.49 427.20 3178.85  50  15558 
149 2815.90 420.98 3178.85  50  15608 
150 2705.92 421.21 3178.85  50  15658 
