5.978695245842090777e+00 2.749280605064888583e+00 5.419465404176959655e-01 1.810071526801363717e+01 4.000000000000000000e+02
6.151180829123115146e+00 2.644766479273487736e+00 1.653094276115437467e+00 2.297018896959110634e+01 3.990000000000000000e+02
8.071225421752263429e+00 5.282088114257404321e+00 1.661815607508616788e+00 6.453915703057437270e+01 3.990000000000000000e+02
9.570001166491458378e+00 5.856201935840398498e+00 1.769331463905178481e+00 4.260007235557331029e+01 3.990000000000000000e+02
1.177041893551076512e+01 7.921039604120657884e+00 9.302965446504216640e-01 6.691068774292760679e+01 3.980000000000000000e+02
1.785550908985585039e+01 1.820225575321955702e+01 2.704260135833321588e+00 1.804885789151283575e+02 3.980000000000000000e+02
2.800809194556552129e+01 2.831731318631103989e+01 4.137862893355483074e+00 1.919207136187266656e+02 3.960000000000000000e+02
4.243816713722856093e+01 3.954727739165538480e+01 4.508081515696550134e+00 1.916260948650655394e+02 3.940000000000000000e+02
5.384410703847684943e+01 4.159776019405786940e+01 3.350761688972708541e+00 1.953734274959528818e+02 3.910000000000000000e+02
7.789229448973205194e+01 4.305399375015994679e+01 4.201628130873932498e+00 2.114470493098977215e+02 3.880000000000000000e+02
9.708500830076320653e+01 4.314495712550671414e+01 6.129535602776027936e+00 2.322943619482008728e+02 3.820000000000000000e+02
1.157204528971898867e+02 4.931614935093335106e+01 1.183595760135332320e+01 2.918719629795092487e+02 3.780000000000000000e+02
1.450775765489582909e+02 5.588678289091456008e+01 8.634447506500197989e+00 3.795881300867446839e+02 3.730000000000000000e+02
1.758556887434444320e+02 8.341307214873285147e+01 1.201883287577136095e+01 4.689407564837332529e+02 3.670000000000000000e+02
2.120865935690059700e+02 9.285813239700284782e+01 1.810761205916353589e+01 4.881513131680873698e+02 3.590000000000000000e+02
2.619408723931134091e+02 6.643775711317903188e+01 3.558055116785951810e+01 4.333791942942609126e+02 3.510000000000000000e+02
2.871824776869783591e+02 6.541868943055736452e+01 4.280844281555666697e+01 5.112408732087309318e+02 3.390000000000000000e+02
3.200898896758912997e+02 5.664571688754665502e+01 9.598080381185022247e+01 4.477637790159197380e+02 3.330000000000000000e+02
3.620627259628782895e+02 8.056723266466501343e+01 3.665418497702484046e+01 6.655933813266110519e+02 3.260000000000000000e+02
3.976989533651679380e+02 9.494896483913147733e+01 6.259946149507049284e+01 8.187134243633405504e+02 3.160000000000000000e+02
4.726596817463823754e+02 9.624875111040748266e+01 9.136859990539417709e+01 8.245762777142302866e+02 3.080000000000000000e+02
5.818503914781837238e+02 2.174304270500184941e+02 2.075623811082394710e+01 1.445812343785619078e+03 2.900000000000000000e+02
7.590522975926375011e+02 3.709806937889329674e+02 1.457784820558010210e+02 1.583720032667542682e+03 2.650000000000000000e+02
9.217405525072274486e+02 4.279386980542275865e+02 1.816412940670927583e+02 1.870279931264824882e+03 2.230000000000000000e+02
9.690232512503214366e+02 4.425767354347660216e+02 1.584246092383341420e+02 1.756687973311133192e+03 1.850000000000000000e+02
1.002680758494003499e+03 4.747281317496982069e+02 1.614802089824621874e+02 1.875499064574370323e+03 1.740000000000000000e+02
1.046682005825261058e+03 5.792213508128073727e+02 5.605008367791077717e+01 2.139073921419504586e+03 1.670000000000000000e+02
1.267776767281343837e+03 5.510496830273627893e+02 1.931529151760375100e+02 2.329507527846429184e+03 1.560000000000000000e+02
1.228350368041183629e+03 6.130462324317654748e+02 1.712761740762835245e+02 2.376498641198588302e+03 1.050000000000000000e+02
1.395974040975572052e+03 6.385983243609526880e+02 1.850769561404379147e+02 2.616259045453787621e+03 1.140000000000000000e+02
1.314933319742832509e+03 6.610540666903810916e+02 2.372616079762129289e+02 2.724815129214588069e+03 7.500000000000000000e+01
1.462929607279775837e+03 7.682699535520350764e+02 2.022646633609100206e+02 2.928227025073406367e+03 9.400000000000000000e+01
1.523754281973897605e+03 7.746683187259270653e+02 1.843527419355301333e+02 2.787474871697671915e+03 5.900000000000000000e+01
1.257982247860009693e+03 6.802471781643525901e+02 2.549848802836981747e+02 2.667725081319606488e+03 5.000000000000000000e+01
1.507594315437412433e+03 6.875163873823012182e+02 2.422600980646944322e+02 2.836680845891547506e+03 1.070000000000000000e+02
1.799831208440607952e+03 7.276095467855164998e+02 3.175304754297961836e+02 2.908967103956820665e+03 5.000000000000000000e+01
1.576541748344902544e+03 8.513963986694193409e+02 1.704956787607011961e+02 2.860829523079491082e+03 5.000000000000000000e+01
1.924308659769399128e+03 7.155482891163070462e+02 2.776208107876543636e+02 2.924364285856856895e+03 5.000000000000000000e+01
1.846268147426261976e+03 8.002439556876481674e+02 2.239894979871953922e+02 3.005639730160637555e+03 5.000000000000000000e+01
1.763910353096231802e+03 7.542286744124414781e+02 4.733620158011545982e+02 2.953498219701633388e+03 5.000000000000000000e+01
1.608991093627522787e+03 9.434882535983222169e+02 3.005741425001911580e+02 2.929126100233519537e+03 5.000000000000000000e+01
1.597536063984737893e+03 7.839175954028446540e+02 2.484425400117956144e+02 2.868220550050628390e+03 5.000000000000000000e+01
1.969737490957156524e+03 7.347045657984601803e+02 5.016720641160756600e+02 2.937202786053645013e+03 5.000000000000000000e+01
1.780101897601753080e+03 8.741750602709644227e+02 3.208934682344316229e+02 3.081035390606266901e+03 5.000000000000000000e+01
2.190173911908801983e+03 7.411168529330220736e+02 3.008079079355916861e+02 3.129798128131530120e+03 5.000000000000000000e+01
2.199046456215908620e+03 7.250196451266798476e+02 5.002948359353580940e+02 3.029632378728766525e+03 5.000000000000000000e+01
1.885645245182959798e+03 9.733330252428638687e+02 2.686254147641016630e+02 2.996239171751872618e+03 5.000000000000000000e+01
1.861004447835965948e+03 9.017820258947333514e+02 2.323353091321375530e+02 3.110078697311257201e+03 5.000000000000000000e+01
1.943041564029454094e+03 8.425980372507194716e+02 2.727653474134148155e+02 3.119820820549804466e+03 5.000000000000000000e+01
1.959432177439965699e+03 9.833728915561683834e+02 2.120468682631586432e+02 3.182651881180373493e+03 5.000000000000000000e+01
2.083800014466452467e+03 8.867937838271601549e+02 2.395918935460840089e+02 3.161035675368719239e+03 5.000000000000000000e+01
2.080830749442416618e+03 1.044136034369536674e+03 2.286795292438652893e+02 3.146224496062878188e+03 5.000000000000000000e+01
2.184580922788721637e+03 9.968579717164057001e+02 2.286599625476658559e+02 3.193545641298925148e+03 5.000000000000000000e+01
1.938703577830596942e+03 9.460896680423855969e+02 2.191119025722911999e+02 3.161022828827667581e+03 5.000000000000000000e+01
2.220624896034028552e+03 9.112569352371478999e+02 2.937027566489373953e+02 3.192674177868267179e+03 5.000000000000000000e+01
2.117943399394426706e+03 8.292170829779315682e+02 5.211317850766275797e+02 3.215227063707413436e+03 5.000000000000000000e+01
2.369036593639410512e+03 7.812408570901474150e+02 3.111707564069361069e+02 3.198277951319997555e+03 5.000000000000000000e+01
2.356048638068646596e+03 9.298513242858138028e+02 2.515211520363684485e+02 3.206767395232899617e+03 5.000000000000000000e+01
2.298729219258310422e+03 9.038791032420784859e+02 2.075147818524461627e+02 3.262573421126943686e+03 5.000000000000000000e+01
2.053101682533766052e+03 9.120268999170619963e+02 2.606414692094537031e+02 3.239526038058992526e+03 5.000000000000000000e+01
2.138592354786042051e+03 1.013831680007773230e+03 2.591708359982478669e+02 3.279834035435888381e+03 5.000000000000000000e+01
2.025535423138546321e+03 1.124527115032320580e+03 2.581454232998863176e+02 3.244977684952685649e+03 5.000000000000000000e+01
2.496273578973732128e+03 7.412152147873835020e+02 6.423271391660576910e+02 3.300898555072917134e+03 5.000000000000000000e+01
2.376932831159364923e+03 8.147015622168840991e+02 2.934916678059855712e+02 3.389508007301836642e+03 5.000000000000000000e+01
2.127591623868281658e+03 8.190248766439826795e+02 2.980461111007439285e+02 3.277026614893871283e+03 5.000000000000000000e+01
1.946585516588600512e+03 1.122121074432488740e+03 3.005723998120858482e+02 3.346860090677585958e+03 5.000000000000000000e+01
2.217277921085794787e+03 1.054430282400053557e+03 2.499430888155893626e+02 3.294959133555657900e+03 5.000000000000000000e+01
2.504300311174717990e+03 9.493536464406108735e+02 2.802447206525621937e+02 3.270518599928809181e+03 5.000000000000000000e+01
2.563831297265723606e+03 8.445824462175529561e+02 3.058224979807090449e+02 3.343100947375746273e+03 5.000000000000000000e+01
2.569896942281930023e+03 7.998473838655460213e+02 2.951956253218082225e+02 3.278689901003733667e+03 5.000000000000000000e+01
2.398847471160761415e+03 1.095835885246716543e+03 2.282586885452083436e+02 3.303519346841807874e+03 5.000000000000000000e+01
2.815237239440710255e+03 6.707631917123179619e+02 5.387926029605956728e+02 3.306936495106723669e+03 5.000000000000000000e+01
2.491109226230042623e+03 9.508056201860663350e+02 2.579335777157533016e+02 3.275216430139286331e+03 5.000000000000000000e+01
2.250967082053746708e+03 1.112282346258429016e+03 2.547747198047137829e+02 3.289300212056854434e+03 5.000000000000000000e+01
2.008426327593205315e+03 1.001470915336764165e+03 2.803148985635229451e+02 3.429592533033414384e+03 5.000000000000000000e+01
2.620962429846133091e+03 8.049572079453880633e+02 5.820957240206640790e+02 3.365361444091115573e+03 5.000000000000000000e+01
2.418968734871786637e+03 9.279073142971977859e+02 2.630871222539267364e+02 3.306939128888520372e+03 5.000000000000000000e+01
2.478399347943166504e+03 1.018073911868724849e+03 2.559887663226366499e+02 3.352676162456217753e+03 5.000000000000000000e+01
2.166567714270891884e+03 1.189138483873238329e+03 2.386545302119411360e+02 3.377240871595174212e+03 5.000000000000000000e+01
2.685435135580089536e+03 8.887035346312776483e+02 3.422746508403027974e+02 3.384982351032684164e+03 5.000000000000000000e+01
2.577566295959751642e+03 1.076369127725259204e+03 2.665774803360504279e+02 3.379565802375803287e+03 5.000000000000000000e+01
2.764695274351324770e+03 7.878766311252417154e+02 5.020092497319314475e+02 3.359893979655683779e+03 5.000000000000000000e+01
2.523687139644491253e+03 1.063851155418133658e+03 2.376854841030221053e+02 3.379297946045559002e+03 5.000000000000000000e+01
2.660745449935201577e+03 1.048075688297656143e+03 2.413585030469687354e+02 3.393378979631329003e+03 5.000000000000000000e+01
2.854142576043028384e+03 6.628420523259204629e+02 7.409584118062578000e+02 3.447968643934969350e+03 5.000000000000000000e+01
2.420178139696794005e+03 1.137243504069148230e+03 2.568839346047899426e+02 3.397452455067670599e+03 5.000000000000000000e+01
2.611243184082386051e+03 1.026531460444422464e+03 2.698951297634362163e+02 3.354151810553818905e+03 5.000000000000000000e+01
2.750235872774157997e+03 9.154240893346182020e+02 4.950057601353407790e+02 3.383000971626438059e+03 5.000000000000000000e+01
2.620834867649290118e+03 8.596686002508483853e+02 5.265378829054182006e+02 3.368369034076589742e+03 5.000000000000000000e+01
2.303257726261533662e+03 1.229535473701192359e+03 2.523832041805456754e+02 3.422256175678947329e+03 5.000000000000000000e+01
2.618036014742753196e+03 1.060989481149054882e+03 2.523805362127372121e+02 3.396402801265855032e+03 5.000000000000000000e+01
2.710327515055194908e+03 8.930417332609440564e+02 4.609289373582795406e+02 3.409315175606881894e+03 5.000000000000000000e+01
2.702236815297398152e+03 1.024273873199905211e+03 2.804288173228183041e+02 3.414395698863930647e+03 5.000000000000000000e+01
2.639489838760546718e+03 1.126080183775121441e+03 2.765868272131632466e+02 3.414222675244830043e+03 5.000000000000000000e+01
2.598402401009399910e+03 1.076972738425013404e+03 3.919989494909982568e+02 3.411640063637041294e+03 5.000000000000000000e+01
2.575544340399918383e+03 9.471660157944963885e+02 5.364305182259289495e+02 3.428134239309230907e+03 5.000000000000000000e+01
2.870691287228006786e+03 7.634083245531105604e+02 4.996650428707052356e+02 3.410074983919183069e+03 5.000000000000000000e+01
2.945183635852531097e+03 7.503483611497454149e+02 2.587910428898724717e+02 3.382173553457485923e+03 5.000000000000000000e+01
2.836694492423745032e+03 7.675283725393084069e+02 5.160910920532004411e+02 3.397706592999626537e+03 5.000000000000000000e+01
3.126431766578041334e+03 5.315848496585310841e+02 5.624720977070218169e+02 3.446523661199697017e+03 5.000000000000000000e+01
2.816934450234597989e+03 8.547179980905641514e+02 3.129076565924269175e+02 3.455943030689141324e+03 5.000000000000000000e+01
2.801829593664912409e+03 8.815929411381048340e+02 5.298139274367500775e+02 3.394396645303784226e+03 5.000000000000000000e+01
2.894390809158241609e+03 9.102384933108708083e+02 4.115190987900334676e+02 3.451770583008898939e+03 5.000000000000000000e+01
2.022438055336513571e+03 1.263436759712922139e+03 2.922624479009222114e+02 3.432092457760495108e+03 5.000000000000000000e+01
2.193842528227072307e+03 1.165624782305909321e+03 1.748310268075500460e+02 3.414053537450502972e+03 5.000000000000000000e+01
2.972421423012802279e+03 7.561450823964187293e+02 5.921144067176500130e+02 3.427039103731055548e+03 5.000000000000000000e+01
2.913906564716111461e+03 7.391276671758181465e+02 6.114058304687432610e+02 3.437268436091688727e+03 5.000000000000000000e+01
3.034931407437368762e+03 6.120406514928296247e+02 5.860407096803374998e+02 3.447323758980807725e+03 5.000000000000000000e+01
2.874773504932798005e+03 8.458830347185011078e+02 2.718059435836078706e+02 3.402363790214248638e+03 5.000000000000000000e+01
2.551233010521207234e+03 8.573741321246790221e+02 2.507791528429084451e+02 3.479156126404781389e+03 5.000000000000000000e+01
2.685536042054390691e+03 8.539324137898287290e+02 5.985051703761060935e+02 3.422632110229131740e+03 5.000000000000000000e+01
2.840084008889859888e+03 8.528851353656826859e+02 9.771936878220333256e+02 3.483931253148205997e+03 5.000000000000000000e+01
2.888952362187164454e+03 7.795719063117543328e+02 2.768724096467624349e+02 3.428840373174112756e+03 5.000000000000000000e+01
3.080381736967148754e+03 6.359859927199053118e+02 1.072655478218516919e+03 3.435095858475073328e+03 5.000000000000000000e+01
2.974816167385083190e+03 7.147237269096922319e+02 2.533963782434744019e+02 3.424397251404491726e+03 5.000000000000000000e+01
2.912463741304173254e+03 8.004339738293670052e+02 3.172599101062391469e+02 3.448908476479954061e+03 5.000000000000000000e+01
2.569832141723119094e+03 9.707893655657327372e+02 2.768325499221919017e+02 3.427770130467640229e+03 5.000000000000000000e+01
2.364698070600444680e+03 1.055165969290897237e+03 5.633649070479001466e+02 3.438847679636033718e+03 5.000000000000000000e+01
2.977317640677337749e+03 7.779849623150628304e+02 2.805053696068498539e+02 3.427616090498081121e+03 5.000000000000000000e+01
2.661752665024244834e+03 9.934246609126489602e+02 2.752703407715519006e+02 3.479743216137924719e+03 5.000000000000000000e+01
2.807658731741012161e+03 8.679890408328037665e+02 5.872729144833772352e+02 3.440754782986726696e+03 5.000000000000000000e+01
2.679595141898572820e+03 9.643001031863961998e+02 2.794908497756778161e+02 3.435231688211640630e+03 5.000000000000000000e+01
2.762823120660106724e+03 9.126466672877395467e+02 5.399163517222999644e+02 3.474806328382147058e+03 5.000000000000000000e+01
2.723859658870647763e+03 9.892440099023600624e+02 2.718264414995279026e+02 3.439039192716534217e+03 5.000000000000000000e+01
2.779380620965032449e+03 8.718779228425300971e+02 6.007837262454060010e+02 3.451921260214744962e+03 5.000000000000000000e+01
2.547078502548727556e+03 1.060372230728549994e+03 2.693074158407974323e+02 3.416519048573149121e+03 5.000000000000000000e+01
2.625587804260120265e+03 1.088469199658340813e+03 3.003849357855354469e+02 3.435246626791742983e+03 5.000000000000000000e+01
3.111509652390157498e+03 6.436037899969961700e+02 6.243679727836555458e+02 3.462193562533262593e+03 5.000000000000000000e+01
3.023142336066005100e+03 6.736964197536852907e+02 9.249220484236516313e+02 3.448696330696861878e+03 5.000000000000000000e+01
2.717225715042260163e+03 1.006066595904821156e+03 2.745894663248391794e+02 3.460034928908263282e+03 5.000000000000000000e+01
2.872894143141407312e+03 8.639503113487236305e+02 6.061726890610664213e+02 3.409138862195408365e+03 5.000000000000000000e+01
2.870965371083838818e+03 8.865955390119733011e+02 2.825898319944967625e+02 3.455345019191166557e+03 5.000000000000000000e+01
3.178854122171160270e+03 5.286540759167564829e+02 9.203590304812735212e+02 3.465927024604626695e+03 5.000000000000000000e+01
3.140363053214912270e+03 6.174023257789116315e+02 2.930276818071919820e+02 3.427028502487867627e+03 5.000000000000000000e+01
2.521874619069432356e+03 1.033222652344053131e+03 2.713953994628631676e+02 3.457143754050014195e+03 5.000000000000000000e+01
2.477369280641671139e+03 1.036178158193856916e+03 6.299498724740816442e+02 3.473769231852610574e+03 5.000000000000000000e+01
2.652637047031123529e+03 9.402440328315470879e+02 2.937251076937265566e+02 3.435739582245523707e+03 5.000000000000000000e+01
2.651383913200901588e+03 9.378343477380259401e+02 7.557407496354725254e+02 3.457860263964305432e+03 5.000000000000000000e+01
2.476181003299674103e+03 1.074066901193558124e+03 7.633540724236154347e+02 3.473143359264889114e+03 5.000000000000000000e+01
2.743923208637020707e+03 9.098090479206730379e+02 2.844546920805976811e+02 3.473783773670008031e+03 5.000000000000000000e+01
2.919435234357025820e+03 8.635255394765151777e+02 2.711313828573918272e+02 3.494280829219284897e+03 5.000000000000000000e+01
